0.410210 0.533340 0.621729
0.235564 0.584072 0.429800
0.458611 0.790161 0.540115
0.425991 0.633963 0.582175
0.858736 0.942144 0.866336
0.154441 0.089693 0.845741
0.489392 0.089693 0.937917
0.422011 0.508903 0.644653
0.006966 0.868444 0.013389
0.329039 0.856717 0.385849
0.739035 0.866516 0.769478
0.247014 0.031161 0.957363
0.032272 0.071507 0.782295
0.032272 0.508903 0.174235
0.961763 0.709151 0.972731
0.024413 0.868444 0.039787
0.669601 0.244166 0.906714
0.734156 0.505482 0.855379
0.940076 0.151734 0.990668
0.620157 0.426986 0.815457
0.215569 0.829907 0.279859
0.104335 0.438775 0.370947
0.941527 0.703692 0.958487
0.164373 0.785888 0.241953
0.734156 0.181633 0.945416
0.629031 0.151734 0.932077
0.951847 0.974027 0.953068
0.164373 0.524474 0.387903
0.329039 0.483921 0.583964
0.063836 0.148098 0.665323
0.028234 0.291475 0.353541
0.164373 0.291475 0.590791
0.867696 0.173486 0.975681
0.291203 0.381341 0.624707
0.150806 0.181633 0.709209
0.104335 0.181633 0.663308
0.988079 0.086404 0.998964
0.840450 0.649124 0.893303
0.669601 0.790161 0.728394
0.558804 0.428955 0.779086
0.063836 0.790161 0.113712
0.961763 0.461643 0.982163
0.006966 0.286367 0.241160
0.880774 0.496621 0.938898
0.692168 0.771835 0.752782
0.469654 0.785888 0.552146
0.436233 0.941133 0.458065
0.272944 0.464530 0.547065
0.456269 0.489262 0.681193
0.594593 0.709151 0.691652
0.291203 0.505482 0.535995
0.154441 0.703284 0.268825
0.709624 0.649124 0.800385
0.734156 0.544147 0.845219
0.272944 0.244166 0.728297
0.496983 0.258268 0.834786
0.621756 0.479851 0.796101
0.998828 0.928378 0.998912
0.754380 0.426986 0.886610
0.942448 0.771835 0.955281
0.388432 0.173486 0.848696
0.522504 0.773264 0.605353
0.692168 0.928378 0.710650
0.988079 0.461643 0.994479
0.291203 0.591376 0.482101
0.176652 0.121116 0.810614
0.608611 0.829907 0.662250
0.090266 0.942144 0.103742
0.241206 0.863294 0.292967
0.774725 0.255977 0.936751
0.861634 0.258268 0.962268
0.209289 0.258268 0.667684
0.272944 0.541402 0.495095
0.574809 0.533340 0.744293
0.329039 0.829907 0.397521
0.992860 0.496621 0.996448
0.522504 0.898226 0.558188
0.289880 0.724816 0.407575
0.154441 0.689180 0.276001
0.024413 0.974027 0.026884
0.456269 0.426986 0.715306
0.774725 0.118894 0.970108
0.458611 0.689180 0.584351
0.897265 0.004445 0.999518
0.164373 0.743480 0.261207
0.692168 0.295042 0.897130
0.641829 0.480267 0.808183
0.456269 0.863294 0.507935
0.272944 0.244166 0.728297
0.803506 0.023837 0.994799
0.164373 0.286367 0.596265
0.608611 0.090683 0.955968
0.458611 0.483921 0.685750
0.228958 0.086404 0.880401
0.124363 0.870886 0.162771
0.296750 0.461643 0.570733
0.594593 0.480267 0.779050
0.840450 0.866170 0.860230
0.456269 0.870886 0.504917
0.425991 0.090683 0.925535
