0.917854 2.944360 2.543448
1.973929 -0.944756 -2.813086
1.133251 0.504814 0.506145
-2.363408 -0.354886 -0.149216
1.596125 1.289549 2.230033
0.993418 -1.260461 -1.237285
2.676253 1.375671 4.270563
-1.893527 0.668517 -0.447148
1.596125 -0.968182 -2.467367
-2.363408 -1.747877 4.312480
0.391872 -1.312684 0.472115
-1.893527 -0.968182 1.278418
1.973929 0.760364 1.269629
1.429402 2.896461 4.867484
0.993418 1.375671 1.364143
0.370559 -1.260461 0.521998
1.429402 -1.260461 -2.626956
0.084098 -0.354886 0.916245
0.993418 1.115905 1.107796
0.075598 -1.312684 0.744251
