0.225990 -1.468314 2.537353
-0.180872 -2.673196 6.253174
-0.942893 0.474542 1.266737
-1.104692 2.405699 3.325344
2.822093 -2.189849 45.540469
-1.327037 2.061474 5.501535
0.717845 -2.932051 7.126141
1.328327 0.612348 0.344658
-0.180872 0.256571 -0.216669
1.308189 -1.775555 4.041821
-0.942893 2.405699 2.116679
1.956149 -2.590773 13.103828
1.956149 -1.468314 9.703288
2.427485 0.256571 20.195676
0.225990 1.603259 -0.326973
-2.037521 2.110620 25.810365
-1.327037 -2.673196 11.684358
0.225990 2.405699 0.479062
2.822093 0.816442 40.469746
2.482905 2.405699 23.186332
