-2.429564 -1.728345 0.615075
-1.143142 -1.194400 -2.006808
-0.358966 2.354180 1.487460
-2.554989 -0.022964 -3.320341
1.717562 -2.394818 -4.355961
1.616837 -0.022964 5.992062
0.983810 -0.077002 4.980877
-2.459479 0.145599 -3.742587
-2.554989 2.671061 2.960292
0.983810 0.145599 4.942821
-2.554989 -0.043978 -3.318005
1.717562 1.746944 -1.040126
-0.833136 2.354180 3.133410
-2.428433 0.489457 -3.464477
2.317589 0.502523 3.858858
-1.559602 2.671061 5.347630
2.993144 2.671061 -0.790984
2.069530 -0.043978 5.264039
-1.143142 1.746944 0.956739
0.101491 -0.022964 0.607739
