2.781673 -0.783364 0.772845
-2.752624 2.045518 0.581350
-0.684385 -1.654518 1.536743
0.365219 1.690005 1.603366
-0.684385 2.617990 0.858161
0.677312 2.045518 1.204294
-1.919563 0.158672 1.401076
-1.265515 1.194994 1.590603
-2.951399 -1.170933 0.662151
2.709285 -1.330252 0.720085
-0.101790 -1.477573 1.907676
0.677312 -0.531788 2.918057
-1.666062 -1.170933 1.301481
-1.919563 -1.654518 0.949876
-2.832232 2.617990 0.474062
-0.569207 -1.623234 1.613266
0.365219 2.617990 0.890149
-1.666062 -1.477573 1.149593
-2.752624 -0.783364 0.785037
0.201663 -1.515499 1.844420
