0.937724 -0.488468 -0.342618
1.920274 0.619546 -1.004734
-2.392129 0.587049 -0.831450
1.219637 -2.261056 -4.375414
1.465610 -1.683947 -1.539598
1.680728 2.943501 9.076867
-2.171425 -0.226739 0.344644
0.937724 -1.756707 -1.726719
-1.124369 1.163034 0.463636
1.465610 1.163034 -1.212426
0.944227 0.158942 -0.932793
0.769107 -2.261056 -4.196740
-1.484812 2.808081 9.093331
-1.022029 -0.194103 0.998965
-2.392129 0.619546 -0.846201
-2.392129 -0.226739 -0.124647
1.431835 0.463716 -1.258598
-2.171425 -0.194103 0.314181
-2.551888 -1.338521 -0.632311
-1.016230 0.587049 0.320440
