-2.000000 -0.000000
-1.900000 -0.335038
-1.800000 -0.513571
-1.700000 -0.485039
-1.600000 -0.282137
-1.500000 0.000000
-1.400000 0.246870
-1.300000 0.370912
-1.200000 0.342380
-1.100000 0.193969
-1.000000 -0.000000
-0.900000 -0.158702
-0.800000 -0.228254
-0.700000 -0.199722
-0.600000 -0.105801
-0.500000 0.000000
-0.400000 0.070534
-0.300000 0.085595
-0.200000 0.057063
-0.100000 0.017634
0.000000 0.000000
0.100000 0.017634
0.200000 0.057063
0.300000 0.085595
0.400000 0.070534
0.500000 -0.000000
0.600000 -0.105801
0.700000 -0.199722
0.800000 -0.228254
0.900000 -0.158702
1.000000 0.000000
1.100000 0.193969
1.200000 0.342380
1.300000 0.370912
1.400000 0.246870
1.500000 -0.000000
1.600000 -0.282137
1.700000 -0.485039
1.800000 -0.513571
1.900000 -0.335038
2.000000 0.000000
