0.071355 -0.019836 1.860733 -1019.627566
0.502520 0.801455 1.864586 -4.607771
0.283858 -0.811294 1.297346 -1.727542
0.946996 -0.729232 1.652075 -9.749323
-0.186715 -0.830151 1.687938 1.346818
0.519835 -0.861043 1.976465 -4.385417
-0.592894 0.612018 1.636575 7.336546
0.499912 -0.552963 1.888846 -9.751938
-0.423227 -0.963097 1.128039 1.481412
-0.089775 0.356256 1.869668 3.932212
0.305943 0.643501 1.342140 -3.068708
-0.370627 -0.132971 1.978017 119.941806
0.071355 -0.599007 1.461250 -0.878049
-0.779096 0.987236 1.337760 2.976226
0.484553 0.267534 1.828215 -39.021441
0.380803 0.510137 1.631047 -7.443486
-0.901625 0.403307 1.019751 15.555269
0.049536 -0.042680 1.046821 -85.825326
-0.906314 0.117904 1.985489 356.067232
-0.081775 -0.034827 1.431711 287.232219
-0.876601 0.397075 1.432094 21.961207
-0.598967 -0.488252 1.680255 11.949459
-0.654093 -0.391282 1.927682 23.189946
-0.398245 -0.568692 1.305003 4.636261
-0.823213 0.402948 1.181636 16.605924
-0.143694 0.925850 1.616368 0.801352
0.923267 0.925288 1.503444 -5.358620
0.750819 -0.403545 1.331129 -19.906266
0.557960 -0.791948 1.492453 -4.218580
0.354383 0.722592 1.650990 -3.485154
0.650830 -0.773992 1.554362 -5.418697
-0.654093 0.343714 1.124884 17.537104
0.618749 0.747294 1.923052 -6.813699
-0.316481 -0.580920 1.376875 3.754909
-0.280973 0.807720 1.219032 1.531956
0.979468 -0.948305 1.923052 -6.965845
-0.978248 0.023186 1.243726 6184.393202
0.830602 0.817175 1.999437 -8.136754
0.576665 0.710296 1.176607 -4.281477
0.757174 0.574510 1.513137 -11.266670
-0.952724 0.872999 1.335394 4.572443
0.068080 0.447180 1.219156 -1.253729
-0.665981 -0.602400 1.344670 6.941099
0.667884 -0.658246 1.951051 -9.667941
-0.143356 0.002437 1.179194 84161.279021
0.613029 -0.808408 1.256791 -3.767721
-0.316989 -0.193682 1.459228 35.855689
0.275112 -0.232358 1.401280 -22.026958
-0.700567 0.953198 1.163470 2.515084
-0.479227 -0.455254 1.160741 7.683521
-0.297287 -0.458264 1.674605 6.906470
-0.424353 0.494632 1.383640 6.906488
0.498169 -0.324445 1.342651 -20.061847
0.369517 -0.110230 1.610766 -152.595048
0.589784 0.462853 1.607267 -14.106419
-0.496864 -0.822452 1.602542 3.364243
-0.707295 0.532379 1.770815 12.381495
0.938956 0.442668 1.560907 -24.763334
0.027313 0.407547 1.610173 -0.796525
-0.680728 -0.590192 1.985196 10.897080
0.112396 0.088470 1.524727 -66.432167
0.183338 -0.710764 1.152760 -1.278490
-0.114206 0.716604 1.043198 0.688156
0.576665 -0.876632 1.031981 -2.465345
-0.336310 -0.356694 1.571392 12.055550
0.608158 0.710296 1.243878 -4.789457
0.462353 0.438004 1.626971 -12.333216
-0.098404 0.070129 1.777287 105.643095
0.936784 -0.290841 1.421181 -52.097352
0.138763 -0.730484 1.046782 -0.828131
-0.283781 -0.272375 1.418390 15.827522
-0.819536 -0.492922 1.560364 14.593158
0.844202 0.861045 1.400336 -5.224581
-0.679607 -0.230574 1.923959 69.087554
0.126322 -0.824196 1.485325 -0.839233
-0.776247 0.403090 1.599103 21.267960
-0.660450 0.396292 1.940359 22.963502
0.048536 -0.675323 1.689003 -0.541888
-0.400068 -0.828086 1.696917 2.855807
-0.424353 -0.936460 1.648173 2.295216
0.622114 -0.433279 1.176556 -12.472804
-0.639957 -0.941466 1.483314 3.019645
-0.908278 0.443057 1.285541 16.358802
-0.837170 -0.605166 1.844222 11.670332
0.933707 -0.495286 1.714520 -21.593962
-0.878315 -0.154517 1.074065 108.965066
-0.521360 -0.904207 1.607765 2.923301
0.095562 0.070129 1.109934 -65.324350
-0.129741 -0.475977 1.876130 3.181937
0.286168 -0.531589 1.490775 -4.662426
0.332642 -0.685418 1.342140 -2.949018
0.138763 0.611660 1.550215 -1.749190
-0.188494 -0.707430 1.490775 1.653306
-0.969891 -0.518953 1.431253 14.096196
0.826162 -0.143422 1.324578 -173.973752
0.382124 0.543356 1.272379 -5.136819
-0.041863 -0.884211 1.401280 0.224155
-0.757198 0.054660 1.268448 896.530128
-0.030232 0.932131 1.636656 0.170324
0.378459 0.342551 1.631047 -16.402555
0.483738 0.703532 1.455587 -4.484725
-0.316481 0.330638 1.820512 15.325940
-0.507864 -0.213217 1.350452 43.071540
0.890810 0.354254 1.359686 -31.785950
-0.892882 0.491137 1.219156 12.428747
0.649281 0.676475 1.347401 -6.133417
-0.388386 0.492407 1.798077 8.317579
0.617012 -0.025812 1.341292 -3971.571253
0.570247 0.199851 1.380304 -62.696872
-0.862168 0.295054 1.497924 40.971697
-0.019609 -0.349731 1.053142 0.505521
-0.077594 -0.413402 1.610329 2.176534
-0.384737 -0.627657 1.301861 3.672903
-0.666499 -0.448292 1.110395 10.357496
0.153587 0.781980 1.268828 -0.970980
-0.902031 -0.875363 1.618626 5.243310
-0.291103 -0.019836 1.470326 3171.168496
0.848551 -0.489876 1.238972 -14.361462
-0.583409 -0.953572 1.359547 2.472611
0.237099 -0.936460 1.528401 -1.269790
0.942126 -0.806759 1.312690 -6.293303
0.544359 0.897707 1.083240 -2.321512
-0.089775 -0.643489 1.416895 0.913381
0.768071 -0.774598 1.347851 -5.606848
-0.114206 0.462199 1.912620 3.032844
0.181817 -0.676195 1.848475 -2.245928
0.360532 -0.914283 1.943673 -2.608998
-0.477757 0.508859 1.997317 10.551428
-0.868416 -0.804720 1.571392 5.816714
-0.004495 0.865426 1.604094 0.028871
-0.979571 0.470446 1.314818 15.900783
-0.553290 0.044019 1.761393 1429.777188
0.898915 0.438956 1.581698 -24.323659
0.159343 -0.643149 1.754636 -2.060605
-0.261342 -0.286565 1.627492 15.142523
0.106607 -0.642594 1.301861 -1.019187
0.822915 -0.763906 1.188463 -5.478699
0.067175 -0.929791 1.042847 -0.244741
-0.335363 -0.113599 1.185145 89.398830
-0.504291 -0.811294 1.817856 3.977765
0.249181 0.410885 1.431979 -6.502658
-0.565537 0.764278 1.796276 4.938112
-0.707295 0.709702 1.888846 7.431676
0.927608 -0.335968 1.188740 -32.303853
-0.773487 -0.645173 1.830295 9.470807
0.350258 0.158033 1.273009 -55.504967
0.483738 0.886684 1.434269 -2.782006
-0.620092 0.186439 1.542145 77.714285
0.923267 0.072682 1.514093 -874.610418
-0.559576 0.955656 1.887682 3.285943
-0.261342 -0.356769 1.314344 7.889684
0.650737 -0.665175 1.262995 -5.960438
0.099841 0.747294 1.798077 -0.974117
0.892515 -0.543728 1.923578 -19.128715
0.519835 0.746197 1.949732 -5.760224
-0.100439 -0.904207 1.490775 0.543953
0.936063 -0.606937 1.203315 -10.120492
-0.639762 -0.290841 1.720546 36.691200
-0.979571 -0.187912 1.871508 141.857441
0.766239 -0.380307 1.559480 -26.842185
-0.590434 -0.324445 1.289525 20.489243
-0.294683 0.105494 1.046782 80.772606
0.283858 0.280364 1.761850 -19.645080
-0.688827 0.245085 1.689652 54.383030
0.650737 0.171254 1.683468 -119.859525
-0.194274 -0.214838 1.335685 16.544742
0.201448 0.020609 1.779709 -2584.269164
-0.953245 0.544843 1.234463 10.857227
-0.287941 -0.018814 1.694412 4019.321597
0.539241 -0.938458 1.562288 -3.033259
-0.592894 -0.440010 1.482346 12.856089
-0.383801 0.339943 1.312690 12.595683
0.183338 0.986732 1.650485 -0.949780
-0.009910 0.802180 1.179194 0.054426
-0.291103 -0.554795 1.777287 4.900032
-0.592894 -0.676820 1.682365 6.166766
-0.122034 0.757122 1.461250 0.921991
0.394985 -0.359763 1.087446 -10.365238
0.458463 -0.172915 1.301037 -62.723466
0.618749 -0.710764 1.943673 -7.612855
0.570247 -0.584770 1.185633 -6.290185
-0.032548 0.979900 1.907340 0.193331
0.922055 0.866112 1.034573 -4.202456
-0.424697 -0.730484 1.984442 4.545203
0.090720 0.341777 1.215432 -2.857762
0.745268 0.722592 1.870570 -8.654817
-0.980265 0.742930 1.552699 7.534318
-0.077594 -0.060440 1.552996 98.201100
-0.181068 -0.552963 1.899278 3.314089
0.484930 0.397562 1.643409 -15.897317
0.394985 0.668869 1.005583 -2.772934
-0.119678 0.462199 1.254694 2.083759
0.618749 -0.662533 1.419215 -6.397471
0.350258 -0.283831 1.808932 -24.451028
0.032393 -0.922042 1.051417 -0.120573
-0.948371 0.018658 1.863915 13913.167195
0.555802 0.532379 1.816670 -11.316448
0.837989 0.089490 1.796276 -615.456606
-0.618948 0.566818 1.157663 6.300704
0.288101 -0.123127 1.020285 -59.893530
-0.335511 0.084713 1.234463 167.521256
-0.862661 0.163366 1.495437 133.497231
-0.316989 0.801503 1.696917 2.434801
0.943204 0.533132 1.060406 -11.656164
-0.666499 0.481759 1.008423 8.144832
0.474835 -0.281976 1.421181 -26.731024
-0.297287 0.281395 1.923959 21.044484
0.369517 -0.262383 1.809734 -30.258672
0.128638 0.009181 1.800071 -8349.449916
-0.287941 -0.107855 1.238972 89.428237
0.474835 0.533132 1.860733 -9.790550
0.606537 -0.180571 1.221576 -72.573378
0.350258 -0.155731 1.965208 -88.237040
0.492815 0.462199 1.399450 -10.187151
-0.143158 0.466001 1.542093 3.006755
-0.680728 0.612018 1.188740 6.068099
0.493957 -0.410397 1.941197 -17.966907
0.543195 0.955656 1.968238 -3.713702
0.807187 -0.945122 1.203315 -3.548549
0.526199 -0.001051 1.754636 -2647571.134354
0.557659 0.045953 1.773396 -1487.941302
-0.872615 0.603679 1.392261 9.198523
-0.708100 0.683952 1.518871 6.441292
0.981676 -0.448334 1.414199 -22.975851
0.812988 -0.399574 1.045921 -17.391432
-0.409605 0.097947 1.556912 191.573024
0.785770 0.617791 1.602542 -10.741972
-0.071837 -0.875078 1.149868 0.321305
0.703762 0.335984 1.295319 -26.060395
0.702653 -0.154517 1.155323 -109.711849
-0.312939 -0.230574 1.985196 33.992424
0.906181 0.196619 1.797808 -139.021354
0.890810 -0.873337 1.424959 -5.481073
0.072536 -0.267479 1.179194 -3.612791
-0.523508 -0.800455 1.020996 2.378125
0.328666 -0.589468 1.302519 -3.821671
0.461209 0.431204 1.754636 -13.688266
-0.546427 -0.928277 1.221576 2.203500
-0.283781 0.220658 1.777899 30.228818
0.048536 0.733539 1.817856 -0.494327
0.805180 0.187762 1.380304 -102.855694
0.146909 -0.424337 1.399575 -3.476733
-0.414119 0.695371 1.485327 3.664485
0.923267 -0.283423 1.619832 -61.534728
-0.850830 -0.763906 1.020199 4.112503
0.826162 0.375268 1.855087 -35.588973
0.565509 -0.851267 1.675597 -4.157959
-0.383801 0.866818 1.503762 2.219186
0.552631 -0.568692 1.126389 -6.111946
-0.370627 0.452044 1.513356 7.940217
-0.475451 0.600852 1.993546 7.518742
0.457391 0.663992 1.342651 -4.379044
0.345486 -0.232358 1.176556 -23.394696
0.283858 -0.099078 1.143656 -102.111278
-0.637538 -0.045460 1.472490 1281.062563
-0.156589 0.302810 1.489781 7.514810
0.232292 -0.455254 1.831414 -6.304369
0.112396 0.442717 1.143771 -1.990071
0.622114 0.858917 1.754688 -4.733515
-0.194274 -0.025705 1.525580 1319.975703
0.000678 -0.928277 1.528401 -0.003606
-0.664870 0.574510 1.219451 6.909896
-0.170255 -0.953794 1.968238 1.086571
-0.818688 -0.774598 1.095474 4.144900
0.012522 -0.616147 1.663102 -0.164772
-0.314894 -0.895108 1.677563 1.917560
0.848551 -0.932071 1.833794 -5.871679
-0.277426 -0.593858 1.602542 3.679836
0.117120 -0.599007 1.602719 -1.588048
-0.186715 0.950168 1.893621 1.153344
-0.192685 0.304664 1.245194 7.608102
0.369517 0.406545 1.354843 -9.435800
-0.277426 0.932131 1.079397 1.006032
0.378308 0.786107 1.297128 -2.475913
-0.984114 0.979900 1.472792 4.122681
-0.398654 0.410885 1.588320 10.820262
-0.181068 -0.380805 1.531075 5.633270
0.125551 0.441080 1.675597 -3.285210
-0.948977 -0.018814 1.043198 7663.158185
-0.300161 -0.273288 1.112210 13.019014
-0.598967 0.710362 1.627200 5.466918
0.812988 0.764064 1.923578 -8.747448
-0.355562 0.345070 1.350332 11.681261
-0.850830 0.383154 1.683468 26.974950
-0.657810 -0.505654 1.000821 7.247758
0.392541 0.923143 1.661010 -2.389086
-0.009910 0.777919 1.850137 0.090802
0.822915 0.034265 1.168027 -2676.202478
-0.985005 0.310322 1.832275 51.182783
-0.487040 0.617536 1.891906 6.912055
-0.982071 -0.904207 1.977545 6.488885
0.797241 -0.646459 1.293400 -8.043475
-0.789235 -0.584770 1.031981 6.622738
0.082550 -0.773992 1.951051 -0.813273
-0.411675 0.369584 1.071184 9.302334
0.284622 0.415902 1.817856 -9.236504
0.040883 -0.880292 1.817342 -0.288821
0.805908 0.667177 1.513356 -8.940390
0.843105 -0.888204 1.139448 -3.989551
0.392541 -0.800455 1.811234 -3.464957
-0.979571 -0.526827 1.848475 17.825821
0.241882 -0.283423 1.035612 -9.587103
0.116095 0.965308 1.134101 -0.428871
0.543195 0.439392 1.927978 -17.207969
-0.776247 -0.113599 1.457389 244.050153
-0.496864 0.211697 1.245194 39.455296
0.570247 -0.111459 1.141020 -166.626522
0.785490 0.321200 1.233445 -30.574523
0.112396 -0.213217 1.997193 -14.981618
-0.652197 0.075976 1.060734 337.527435
0.850548 -0.808408 1.961586 -8.370879
0.361074 0.175643 1.997317 -72.756896
0.618912 0.018843 1.160741 -6470.367950
-0.193249 0.459523 1.567587 4.222239
0.745268 0.023186 1.470326 -6607.227173
-0.793054 0.757122 1.466905 5.640923
-0.414119 0.130746 1.893621 132.148870
-0.842620 -0.590192 1.198333 8.020640
0.752886 -0.215810 1.259595 -66.058985
0.729843 0.418418 1.424959 -19.224108
0.099841 -0.847477 1.197175 -0.504298
-0.927590 0.255153 1.020199 39.905761
0.159519 0.407547 1.753406 -5.133885
-0.474646 -0.656881 1.974103 6.219389
-0.247766 -0.248856 1.277770 14.965505
0.757284 -0.798944 1.784086 -6.870108
0.335004 0.662427 1.223014 -2.898180
0.162672 -0.353013 1.116912 -4.446233
0.407818 0.331123 1.152760 -13.410058
0.855243 -0.127436 1.714520 -296.208694
0.418948 -0.747387 1.128912 -2.651171
-0.793054 -0.773250 1.015638 3.744369
0.863319 0.471665 1.667709 -21.249961
-0.948371 0.375268 1.860733 34.336042
0.392541 -0.114833 1.553579 -144.409309
0.729843 -0.204609 1.376629 -77.666186
-0.114206 0.375268 1.372050 3.300388
0.933501 0.823115 1.727044 -7.873701
0.073196 -0.603651 1.951948 -1.184938
0.329174 0.244488 1.206994 -20.619277
0.696799 -0.337575 1.486666 -29.313536
-0.773487 0.416202 1.898277 23.603063
-0.779873 -0.875078 1.117953 3.168554
0.073196 -0.726591 1.827922 -0.765910
0.288101 0.383154 1.907340 -11.562326
0.329174 0.319066 1.197175 -12.008232
0.617002 0.811602 1.785230 -5.346553
0.688174 0.837275 1.486666 -4.701773
0.814393 -0.512647 1.600660 -16.199777
-0.927719 0.117904 1.058536 193.935113
0.926268 0.097947 1.171269 -373.893097
0.650830 0.137143 1.661455 -184.481886
-0.326981 0.810199 1.366719 1.977728
-0.562343 -0.503500 1.312783 8.270984
-0.872206 -0.707430 1.553579 7.471181
-0.902031 0.829098 1.179507 4.259159
-0.928973 0.038415 1.533195 2649.421217
0.567469 0.424619 1.968085 -19.700606
-0.948977 0.399472 1.217016 19.830134
-0.683987 -0.026908 1.125505 2985.531041
-0.855853 -0.815869 1.689220 6.002085
-0.566729 0.639754 1.777287 6.986960
0.650830 0.377725 1.277770 -18.703214
-0.653178 -0.337296 1.916709 30.989018
-0.226640 -0.896226 1.651712 1.367173
-0.114103 0.117904 1.376629 33.515970
-0.892882 -0.470821 1.893621 21.006514
0.502520 0.055709 1.045370 -534.663145
0.633638 0.650886 1.481724 -7.098208
0.835454 0.418418 1.512948 -23.633962
0.866575 0.464741 1.353774 -17.840929
-0.292324 -0.546582 1.281343 3.654498
-0.176334 -0.142681 1.651834 42.179215
-0.708100 0.092590 1.602542 370.838815
-0.556141 0.532379 1.297128 7.233381
0.128638 0.378539 1.514671 -4.132478
0.940559 -0.658246 1.504838 -10.817297
-0.923751 -0.981541 1.179507 3.105905
0.800516 0.862023 1.849642 -6.497977
-0.595551 0.544843 1.006457 5.717016
0.492815 0.442668 1.755620 -13.932450
0.484930 -0.658246 1.855971 -6.549117
-0.961697 -0.841585 1.638905 6.090314
0.859007 0.019103 1.250912 -9663.321796
-0.300161 -0.576274 1.270907 3.345701
-0.263672 -0.335827 1.770593 12.099590
0.650830 0.986732 1.680688 -3.604995
-0.854300 -0.110230 1.305936 253.776703
-0.477757 0.722592 1.148914 3.009964
-0.854300 -0.706498 1.128256 5.337220
0.039979 -0.301432 1.916709 -2.540222
0.021860 -0.174719 1.292031 -2.781749
0.048160 -0.082906 1.128912 -23.844879
0.938956 -0.983522 1.497924 -4.814046
-0.874099 -0.281976 1.721087 52.199420
0.403764 0.708582 1.127962 -2.835710
-0.936885 -0.034827 1.502175 3182.784520
0.434873 0.049357 1.393990 -780.467310
-0.077594 0.458700 1.703085 1.869707
0.304347 -0.312831 1.058536 -10.185876
0.152948 -0.847477 1.219451 -0.791162
0.549772 -0.721698 1.973047 -6.611303
-0.478848 -0.455254 1.310928 8.671146
-0.192685 -0.180995 1.207796 20.909367
0.162672 0.106658 1.784086 -77.801020
-0.792184 -0.580539 1.457428 9.522753
0.667859 0.767310 1.352292 -4.931212
0.618749 0.914229 1.087968 -2.575620
-0.725815 0.365603 1.597997 24.270188
-0.733503 0.781980 1.071025 3.590789
-0.006177 -0.303466 1.087968 0.218796
-0.359883 -0.811294 1.162937 1.841312
-0.805786 0.678668 1.052517 5.112098
-0.708508 -0.127436 1.619832 197.981201
-0.851793 0.408861 1.181636 16.645110
-0.683987 0.937894 1.680255 3.668622
-0.975301 0.603142 1.386416 10.160110
0.781239 0.789723 1.379032 -5.621558
-0.868416 -0.633629 1.916870 11.444736
-0.638926 -0.403545 1.610329 17.815796
0.570014 -0.492922 1.626219 -12.137188
-0.432593 0.335984 1.648173 18.162493
0.082550 0.034202 1.300720 -277.672244
0.457391 0.397075 1.503444 -13.711464
-0.506507 -0.840210 1.403076 2.874448
-0.264148 0.438956 1.277808 5.119994
0.484553 0.954679 1.976307 -3.312629
-0.114206 0.932131 1.622248 0.632474
0.363899 0.945168 1.254639 -1.591114
-0.807064 0.908093 1.568981 4.262637
-0.706220 -0.912151 1.064299 2.531371
-0.465937 0.783780 1.914040 4.161336
0.498169 0.860435 1.947938 -4.138369
-0.345471 0.855513 1.405475 1.923767
0.196502 -0.299132 1.687938 -11.343259
0.345486 -0.941466 1.194999 -1.447372
-0.469411 -0.025812 1.705706 3443.672016
-0.417984 -0.391282 1.681929 13.222850
-0.400068 0.441080 1.449127 8.595902
-0.707295 -0.538985 1.306791 8.914458
-0.964535 0.352121 1.777287 37.828891
-0.539249 -0.940346 1.027556 1.783741
0.567469 -0.580920 1.470769 -7.865878
0.348571 0.320902 1.155323 -12.155680
-0.183677 -0.461226 1.092500 2.778852
-0.506507 0.149938 1.055851 67.924772
-0.507864 0.587051 1.203315 5.062696
-0.546427 0.979900 1.182994 1.914992
-0.072306 0.617425 1.157702 0.654027
0.980214 -0.187912 1.493288 -137.872700
-0.979571 -0.148480 1.263820 153.433820
-0.316989 0.365603 1.168027 8.054636
-0.776857 0.885371 1.263820 3.486620
0.107593 -0.803855 1.273587 -0.643096
0.542562 0.634980 1.393990 -5.950273
0.561097 -0.082906 1.689220 -438.279380
0.175485 -0.954980 1.983341 -1.165353
0.859625 -0.771474 1.057687 -5.013958
-0.505320 -0.158386 1.927978 110.903648
0.206916 -0.513378 1.005607 -2.418521
0.898898 -0.568533 1.086590 -9.960751
0.323992 -0.907515 1.912047 -2.332117
0.283858 -0.107855 1.077253 -81.164029
0.407358 0.767310 1.243726 -2.691180
-0.851793 0.137143 1.607267 201.229349
0.710870 0.018658 1.342563 -8853.622258
-0.224411 -0.436404 1.857956 6.423710
0.079603 -0.436404 1.015638 -1.283766
-0.008806 0.708582 1.606845 0.084469
-0.986867 0.258394 1.927360 77.786354
0.691008 0.784455 1.677540 -6.070702
0.618912 0.893251 1.403494 -3.481454
-0.097604 0.858917 1.860733 0.731394
-0.887378 0.452044 1.967287 23.540325
0.665681 -0.712969 1.829428 -7.699796
-0.193249 0.072472 1.405475 152.196821
0.360532 -0.953794 1.220885 -1.505834
-0.515043 0.115966 1.968238 215.064952
-0.370627 0.668515 1.627200 3.903661
0.472529 0.044019 1.172947 -900.692132
-0.132265 0.464741 1.669457 3.027005
-0.892882 -0.773992 1.651712 6.780066
0.659761 0.993843 1.172304 -2.515096
0.090720 0.054660 1.415388 -130.111703
0.469906 -0.214844 1.923959 -61.657219
-0.315314 -0.272375 1.912850 23.644428
-0.242940 -0.667199 1.305936 2.087403
-0.776857 -0.642824 1.315840 6.886348
-0.157247 -0.318984 1.012400 4.621070
-0.363479 0.055709 1.610173 545.897824
-0.496864 0.153863 1.261293 75.656580
-0.714764 0.950441 1.901735 4.213095
-0.147975 0.088470 1.402902 78.408117
0.043051 -0.633629 1.661053 -0.536657
-0.186715 0.438956 1.754636 5.007399
-0.098404 -0.154517 1.763548 21.593101
-0.077594 -0.928277 1.045977 0.280390
-0.896050 0.612966 1.353774 8.889117
0.649991 0.765461 1.064299 -3.788215
0.022673 0.267534 1.217516 -1.159679
0.275112 -0.448292 1.587967 -6.706053
0.576665 -0.133902 1.689003 -172.939638
-0.946198 -0.298898 1.715732 49.801724
0.567469 -0.474444 1.061482 -8.510945
0.162672 0.023186 1.124884 -1038.003723
0.369517 -0.070380 1.981860 -460.558962
-0.680917 -0.781448 1.165216 3.649333
0.645146 0.592189 1.787920 -10.548004
0.927205 -0.483976 1.081340 -14.153725
-0.188636 0.604253 1.302603 1.981540
-0.384737 0.220658 1.421181 32.441498
-0.680728 0.452890 1.977545 18.434657
-0.416270 0.030878 1.774477 2231.332697
-0.157252 0.298285 1.620581 8.459585
0.440086 0.494622 1.315914 -7.428239
-0.757198 0.651361 1.870570 9.310281
-0.199101 0.019103 1.918477 3078.681649
0.526199 -0.144974 1.109477 -87.959923
0.671429 -0.051408 1.796276 -1467.608946
-0.113461 -0.896226 1.417651 0.594022
0.095562 -0.311972 1.248207 -3.712196
-0.933849 -0.646231 1.350332 8.284942
-0.176334 0.438950 1.198333 3.233055
0.706308 -0.204609 1.876130 -102.174154
-0.546400 -0.142681 1.244084 94.982671
-0.797835 0.030420 1.581698 3788.714461
-0.559576 -0.477161 1.431191 9.993154
-0.493961 0.798196 1.652075 3.661720
-0.050610 -0.519569 1.542145 0.862988
-0.237798 0.383154 1.827722 8.675347
-0.356369 0.302810 1.491227 16.788707
0.346315 -0.213217 1.607267 -38.049029
0.363899 0.357509 1.882795 -16.688930
-0.612415 -0.835521 1.874086 4.647587
-0.538491 0.244488 1.930679 49.512775
-0.364506 0.168767 1.184600 43.880801
0.241882 -0.418484 1.702437 -7.228905
0.923267 -0.320826 1.689652 -50.092996
-0.628917 -0.214844 1.064299 40.930036
0.040196 -0.148505 1.256791 -6.899725
0.855111 -0.230574 1.832596 -96.696797
-0.072306 0.278529 1.412695 3.921703
0.942126 -0.858931 1.341805 -5.675148
-0.451112 0.637377 1.348862 4.299497
0.842876 -0.477161 1.983341 -24.054382
-0.963527 0.742930 1.289525 6.159836
-0.994642 -0.056345 1.399450 1196.318503
-0.338280 0.609520 1.682365 4.445224
-0.580529 -0.983522 1.121419 1.908262
-0.076951 -0.958403 1.495315 0.372943
0.483738 -0.830151 1.051417 -2.326622
-0.522301 0.211697 1.441261 47.889834
-0.683987 -0.118061 1.588320 218.856619
-0.748090 0.885371 1.600660 4.263751
0.091224 -0.798900 1.618610 -0.700434
0.703762 -0.850603 1.729606 -5.429164
0.905956 0.354254 1.038947 -24.742002
0.048160 0.045953 1.405475 -96.627553
0.533280 0.357509 1.912417 -25.286273
-0.668329 -0.477898 1.559480 12.832869
0.936063 -0.012722 1.918825 -36730.936995
0.969324 0.695371 1.899225 -12.647752
-0.819536 -0.904207 1.888846 5.249780
0.975392 -0.132971 1.673480 -306.888184
0.889221 -0.477337 1.262995 -16.230282
-0.082722 -0.424360 1.434704 1.960925
-0.821785 -0.293970 1.518582 40.032410
0.545356 0.492407 1.611402 -11.500361
0.073800 0.243131 1.302519 -4.914701
-0.840541 0.940908 1.763548 4.633645
0.355024 -0.676195 1.071025 -2.586629
-0.714764 0.321200 1.554362 30.151140
0.095562 0.722770 1.715732 -0.950658
-0.234039 -0.627657 1.793521 3.123377
0.785051 0.668869 1.312690 -7.499051
-0.872206 -0.107164 1.946519 407.924405
-0.799416 -0.204609 1.888846 100.194003
0.825816 0.533132 1.441140 -13.692245
-0.953781 -0.518953 1.611402 15.629796
-0.862168 -0.872577 1.892523 5.918752
0.631753 -0.627657 1.148795 -5.899403
0.048160 -0.214844 1.128039 -3.548016
-0.653178 0.222551 1.680479 62.409213
0.112396 -0.986478 1.787920 -0.626549
-0.122752 -0.187912 1.125996 11.600468
-0.805786 -0.721698 1.137273 4.884699
0.345050 -0.986478 1.587967 -1.749522
0.848551 -0.280340 1.474803 -52.200192
0.624385 0.389421 1.873241 -24.679073
0.526199 -0.051408 1.674605 -1055.821517
-0.940856 -0.395218 1.371529 22.652896
0.698773 -0.875914 1.319432 -3.875975
-0.470243 0.819385 1.968238 3.949918
-0.267582 -0.337575 1.622248 11.129749
-0.019609 -0.248856 1.305003 1.237191
0.659761 -0.706498 1.176607 -4.995270
-0.865540 -0.552028 1.153678 9.047303
0.824353 0.606967 1.399575 -10.239129
0.515890 0.488232 1.451312 -9.935486
0.029323 -0.232358 1.792846 -2.929746
0.373818 -0.230574 1.112210 -24.372158
0.555802 0.343714 1.483314 -22.167449
0.080838 -0.468610 1.064299 -1.184962
0.129682 0.708582 1.244084 -0.976653
0.126322 -0.931137 1.133195 -0.501648
-0.653480 -0.847477 1.947773 4.990500
0.419602 -0.179503 1.383445 -56.415243
0.665507 -0.643149 1.134101 -5.864242
-0.329681 -0.554795 1.262061 3.925941
0.459136 0.369584 1.633673 -17.266816
-0.465937 0.975789 1.987669 2.788065
0.175485 0.478412 1.584587 -3.709890
0.010983 0.886684 1.015638 -0.042611
-0.875126 -0.983522 1.984442 4.952541
0.622114 -0.678735 1.783808 -7.706074
0.495034 0.481645 1.234188 -8.312527
-0.035450 -0.133835 1.342651 7.943783
-0.512039 -0.072620 1.060734 293.925441
-0.637538 0.243545 1.125677 34.122440
-0.647603 0.220658 1.027556 38.507532
0.348571 0.767310 1.139448 -2.096885
0.159519 0.394805 1.454839 -4.539069
-0.423374 -0.248960 1.787920 35.150130
-0.980906 -0.111459 1.573523 339.430177
0.680545 0.383154 1.552996 -23.174592
-0.032548 0.455427 1.658563 0.778271
0.217991 -0.569051 1.542145 -3.183863
0.232292 -0.142729 1.912620 -66.983649
-0.803617 0.840293 1.163470 3.677011
-0.359883 -0.399574 1.063779 6.943597
-0.618732 -0.884211 1.987995 4.444820
0.484930 -0.710764 1.503665 -4.550807
-0.255429 -0.589468 1.254639 2.697966
0.183338 -0.448334 1.627492 -4.536549
0.229558 0.684849 1.966465 -2.955264
0.474444 -0.958403 1.831414 -2.979242
0.492501 -0.388334 1.503157 -15.490176
-0.953781 0.104675 1.863915 444.372953
0.837989 -0.391282 1.079397 -19.345081
0.434873 0.481645 1.719210 -10.108047
0.927092 -0.501856 1.968085 -23.954284
0.645146 -0.747387 1.811234 -6.708511
0.918811 0.055709 1.829428 -1789.221631
0.519705 0.837275 1.297346 -3.043515
-0.856821 0.849259 1.832596 6.015820
-0.173497 0.747294 1.800071 1.649105
-0.600158 0.377733 1.029590 12.256540
0.588135 0.859092 1.638905 -4.162912
-0.842404 0.397562 1.038947 15.321428
0.285795 -0.324445 1.796622 -15.064088
0.515890 0.617791 1.011090 -4.323035
-0.587077 -0.474444 1.656788 12.244383
0.049536 -0.102369 1.045977 -14.906776
-0.603793 -0.580539 1.829428 9.272581
-0.714764 -0.522678 1.224233 8.968045
0.217991 -0.659551 1.418390 -2.179867
-0.033289 0.518487 1.887865 0.698997
-0.862168 -0.058676 1.848268 1278.330270
0.805349 -0.366367 1.069507 -20.937259
-0.451972 -0.660179 1.294581 3.853369
0.892515 -0.737305 1.045921 -5.656432
0.039979 -0.766563 1.457389 -0.298658
-0.628917 -0.947819 1.354512 2.676439
-0.856821 0.023186 1.431253 6303.196129
-0.406559 0.725065 1.872511 4.174527
0.906181 -0.066388 1.756188 -1191.184115
-0.188636 0.817175 1.125505 0.936153
-0.512039 0.462199 1.958654 13.397919
-0.560660 0.963666 1.273587 2.184267
-0.384737 -0.463073 1.912620 9.913313
-0.900382 -0.581428 1.682365 12.332024
-0.691647 -0.318984 1.626971 31.031592
0.159519 0.820837 1.808903 -1.305628
0.552631 -0.440010 1.552699 -14.073710
-0.693733 -0.478687 1.226762 10.419378
-0.565537 -0.773992 1.910175 5.120244
0.989494 0.783780 1.604094 -8.602543
-0.432593 0.072472 1.356682 321.323946
0.048536 -0.008120 1.459228 -3237.937059
-0.128189 -0.896226 1.491167 0.704905
-0.409618 0.034265 1.718934 1728.299584
-0.965096 0.550848 1.198333 10.427821
-0.196223 -0.283167 1.222918 8.805268
0.557960 -0.214838 1.913632 -73.500957
-0.280973 -0.803638 1.588472 2.016561
-0.023966 -0.293970 1.677540 1.392358
-0.566729 -0.421118 1.744857 15.831018
-0.665016 0.883199 1.849023 4.434218
-0.612081 0.714907 1.525580 5.164938
-0.247232 0.935987 1.366719 1.129168
0.497695 -0.947819 1.363711 -2.385213
0.012522 0.986732 1.347851 -0.052069
0.275112 0.856160 1.680255 -1.945416
0.906590 -0.383750 1.270907 -25.812073
-0.409605 0.893251 1.315184 1.945769
0.041605 -0.552963 1.661053 -0.680881
0.457391 -0.954980 1.297128 -2.045200
-0.733503 -0.828053 1.224233 3.660408
0.824353 -0.566120 1.518871 -12.773260
-0.821785 0.196107 1.468709 87.001856
-0.571393 0.856160 1.854699 4.102868
0.467841 -0.898660 1.676000 -3.055704
-0.497634 -0.440010 1.128256 8.287480
-0.864078 -0.259557 1.446560 51.233176
0.160480 0.034265 1.993614 -830.812626
-0.654093 -0.707430 1.520288 5.595041
0.944229 -0.248856 1.441742 -72.822422
-0.823213 -0.424770 1.848225 23.373579
-0.025736 0.397075 1.754065 0.856737
0.618912 0.346525 1.037403 -17.099135
0.627342 0.133245 1.581698 -178.888756
-0.247232 -0.213708 1.985198 31.461686
-0.748090 -0.613607 1.020199 5.657807
0.507352 0.120850 1.224233 -134.403505
0.842876 0.858917 1.077136 -4.031756
-0.840541 -0.662373 1.631187 8.648240
0.463285 -0.070380 1.848457 -543.856860
0.693427 -0.840645 1.918477 -6.068252
0.067175 -0.298898 1.376629 -3.126289
-0.933909 -0.972279 1.542662 4.181565
-0.183677 0.840293 1.814722 1.390657
0.701053 -0.346666 1.485327 -27.953662
0.591178 -0.910718 1.682365 -3.823459
-0.462337 0.442717 1.218934 8.244773
-0.258888 -0.799121 1.441742 1.709205
0.960698 -0.623159 1.235053 -10.140543
-0.965096 -0.737305 1.899225 9.224884
-0.336310 0.408685 1.882506 11.001575
0.852615 -0.966249 1.275223 -3.819317
0.861849 -0.148480 1.833794 -235.346942
0.686350 -0.716250 1.386746 -5.976061
-0.469411 0.953965 1.401280 2.071154
0.533642 0.627628 1.148795 -4.932032
-0.364126 0.823115 1.626219 2.529873
-0.246826 0.345070 1.218934 7.397573
-0.242940 -0.148480 1.087968 35.113613
-0.711764 0.756838 1.553579 5.406593
0.745116 0.211697 1.533195 -82.630598
0.617012 0.544843 1.993614 -13.248667
-0.145292 0.953965 1.648173 0.778104
-0.800640 -0.254358 1.809263 62.189840
-0.247766 0.517721 1.579855 4.275226
0.905956 -0.898660 1.784086 -6.602312
0.090720 -0.172915 1.442113 -13.246843
-0.293915 0.356927 1.435915 9.654540
0.143577 -0.798944 1.399575 -0.958191
-0.384737 -0.808408 1.746784 2.970758
-0.934607 -0.504024 1.983341 20.018984
-0.465028 0.710362 1.921045 5.075031
0.880145 -0.337076 1.795482 -45.752406
-0.110094 -0.230574 1.297346 7.971959
-0.953781 -0.740310 1.431979 6.825200
0.265737 -0.788142 1.121419 -1.478528
0.088376 0.937894 1.655800 -0.503512
-0.537520 0.494632 1.400336 8.758796
0.540409 0.158033 1.141167 -78.311781
0.159519 0.226133 1.721334 -16.370233
0.262212 -0.099078 1.063991 -87.559008
0.335433 0.258394 1.434356 -22.368448
0.010443 -0.448334 1.849023 -0.288495
-0.349806 -0.646231 1.845762 4.481418
-0.019609 0.106658 1.179282 6.086283
-0.114206 0.211697 1.965208 14.854462
0.622114 -0.217211 1.863915 -78.622482
0.812988 -0.662533 1.911770 -11.562494
-0.654517 -0.432570 1.472490 14.502637
0.116637 -0.972279 1.212892 -0.454248
-0.779873 0.204473 1.124884 58.393860
-0.898949 -0.470821 1.416895 15.816036
0.049690 0.946659 1.106214 -0.184928
-0.559576 -0.078287 1.573523 408.154973
0.844202 -0.488252 1.672253 -19.403745
0.730785 0.823115 1.683468 -5.876954
-0.871609 -0.624110 1.416895 8.749113
0.661254 0.829098 1.422370 -4.395430
-0.497634 0.281395 1.292031 23.204917
-0.758772 0.024822 1.710598 5874.161864
0.698773 -0.463073 1.263643 -13.281362
0.472529 0.180608 1.250912 -57.059291
-0.566729 -0.676195 1.020199 3.590025
0.883938 -0.369340 1.947773 -41.535651
0.757284 -0.077844 1.957770 -794.123433
-0.143158 -0.164712 1.176556 18.362159
-0.946198 -0.884211 1.020357 3.384387
-0.595485 -0.943735 1.773396 3.357199
0.430633 0.883199 1.415388 -2.449651
-0.961697 -0.025812 1.354512 5350.939412
0.217991 0.356256 1.489778 -7.847464
-0.458715 0.849259 1.125677 2.053614
0.547143 -0.936460 1.119992 -2.217664
-0.465028 -0.337296 1.985489 23.265120
-0.265079 0.886901 1.105968 1.089248
-0.458054 -0.941466 1.519902 2.253168
-0.896050 -0.483976 1.399450 14.739899
0.354383 0.438004 1.771694 -10.178776
0.589784 0.848617 1.434703 -3.745870
-0.033429 0.617536 1.248104 0.327130
-0.467097 -0.160070 1.183187 61.820948
-0.274622 -0.153627 1.092500 37.117094
-0.479227 0.034202 1.042312 1222.470426
0.499912 -0.605166 1.069387 -4.609707
-0.124801 0.583555 1.636575 1.777163
-0.234039 0.801503 1.657707 1.770355
0.436384 -0.070380 1.067987 -295.146800
-0.668329 0.764561 1.185633 3.811896
-0.908278 -0.884620 1.648074 5.260748
-0.628917 0.654830 1.416895 5.865508
-0.077475 0.592189 1.831414 1.204468
0.705496 0.855911 1.152760 -3.583199
0.933707 -0.488252 1.052357 -13.638839
-0.461538 0.303126 1.310928 18.882742
0.488146 0.488232 1.963561 -12.682282
-0.035450 -0.603651 1.929430 0.561127
-0.024881 0.847215 1.588320 0.164764
0.807187 0.663992 1.843508 -11.014544
-0.451972 0.897707 1.862623 2.998403
-0.923937 -0.828086 1.725866 6.386172
0.076696 0.471665 1.811234 -1.887756
0.373818 -0.394511 1.745330 -13.064311
-0.600432 -0.383750 1.243878 14.353004
0.710870 -0.756672 1.466289 -5.879502
0.989494 0.784455 1.049617 -5.619275
0.474203 -0.828086 1.410754 -3.072452
0.533280 -0.797428 1.930679 -5.131025
0.346356 0.416566 1.661455 -10.305619
0.320230 -0.349731 1.270907 -10.312508
0.854415 -0.155731 1.415388 -163.569485
-0.206925 0.397562 1.421181 5.468641
-0.665981 -0.214844 1.845844 74.908406
0.222916 -0.994144 1.401280 -0.969794
-0.896125 -0.691184 1.848225 9.545200
-0.990477 -0.480320 1.303170 15.271738
-0.840541 -0.966249 1.773396 4.418322
-0.165713 0.438950 1.650485 4.189123
0.232915 0.100704 1.542145 -108.789699
-0.637538 0.884949 1.886031 4.330103
0.329174 0.008269 1.487191 -22211.476481
0.032393 -0.771474 1.651712 -0.270563
-0.706220 -0.763906 1.989041 6.745110
0.386673 0.399472 1.738090 -13.142867
-0.294683 -0.017393 1.277808 3627.209697
0.933707 0.438075 1.756188 -28.273328
-0.779071 0.922544 1.301861 3.316710
0.138763 0.695371 1.470854 -1.284107
-0.242940 0.455427 1.900487 6.519622
0.623500 0.793090 1.171269 -3.714740
0.680545 0.829098 1.184506 -3.774963
-0.965096 0.574510 1.989041 15.912103
0.544506 0.408861 1.767202 -18.263124
-0.176334 0.140741 1.891906 49.650186
-0.234039 -0.172915 1.553579 35.647462
-0.260775 -0.012722 1.619832 7630.683452
-0.896050 0.676354 1.077776 5.812526
-0.874099 -0.986232 1.005583 2.493146
0.549762 -0.546114 1.553467 -9.090529
0.086004 -0.070396 1.219718 -64.055793
-0.675606 -0.475977 1.361058 11.405822
0.185418 0.611660 1.417651 -2.147591
-0.541199 -0.807948 1.792846 4.230230
-0.300161 -0.875914 1.947773 2.219457
0.332642 0.407547 1.542662 -9.587546
-0.145126 0.733539 1.406374 1.121662
0.365925 -0.204609 1.141167 -31.060159
-0.575940 -0.763906 1.305936 3.656133
-0.703258 0.423718 1.518582 16.672659
0.688174 -0.245739 1.607267 -59.009733
0.136637 0.848617 1.424959 -0.822324
0.803492 0.601162 1.620581 -11.753524
0.552631 0.447180 1.249555 -10.965721
0.151837 0.936642 1.796276 -0.947042
0.285795 0.884949 1.723652 -1.942593
0.360532 0.813569 1.893246 -3.209444
-0.392817 -0.683095 1.324578 3.218799
0.283858 0.793178 1.927682 -2.685484
0.278463 -0.293124 1.050813 -10.509399
-0.359883 -0.788142 1.626971 2.729596
0.457391 0.656159 1.814722 -6.060851
-0.420553 0.784455 1.347401 2.651013
-0.349806 -0.627657 1.435915 3.695729
0.235900 0.267534 1.923578 -19.479134
0.805908 -0.761023 1.947773 -8.843842
-0.398654 -0.417313 1.784086 11.782355
-0.757198 0.998111 1.931863 4.094966
-0.958314 0.937894 1.168027 3.483617
-0.805786 0.357509 1.497924 26.217981
0.543195 -0.943735 1.636575 -3.166416
-0.875126 0.716374 1.360779 6.401268
-0.143158 0.627628 1.911399 2.054510
-0.805786 -0.417313 1.273802 16.362978
0.373818 -0.099078 1.503762 -178.465997
-0.143158 -0.740310 1.922253 1.485066
-0.541199 0.370786 1.359686 15.232811
-0.176334 -0.165359 1.485327 28.237748
-0.398654 -0.395218 1.348862 9.931928
0.027313 0.771506 1.651712 -0.228001
0.785051 -0.805651 1.412695 -5.562640
0.920075 0.258719 1.165216 -52.919165
0.072536 0.298285 1.686791 -4.155615
-0.723030 0.953965 1.715732 3.813684
0.706308 -0.098575 1.303982 -305.959620
0.533642 0.883199 1.211027 -2.625583
-0.273251 0.352121 1.813587 11.671613
-0.640026 0.494418 1.206994 8.910303
0.030642 0.063457 1.201320 -27.508275
-0.708100 0.936642 1.958660 4.429094
0.345050 -0.501856 1.401280 -5.965123
-0.776247 -0.193483 1.130144 65.238195
0.630435 -0.174719 1.948690 -128.856681
-0.871609 0.517721 1.337300 12.000129
-0.667699 -0.069073 1.222918 481.297798
0.785490 -0.298898 1.899225 -54.365172
-0.470138 0.650886 1.785230 5.676463
0.533642 -0.459679 1.039611 -8.320514
0.474835 0.397562 1.716290 -16.239492
0.467841 -0.734041 1.963712 -5.366185
-0.693733 -0.710764 1.459973 5.624424
-0.984114 0.387848 1.182994 21.137920
-0.316481 0.416202 1.947938 10.349133
0.665681 0.709702 1.493288 -6.343023
0.736166 -0.213708 1.882506 -98.265536
0.369517 -0.020780 1.962414 -5231.441279
0.420918 -0.775069 1.845844 -4.050501
-0.506466 0.447180 1.290258 9.330980
0.345050 -0.646231 1.314344 -3.374316
-0.364126 0.104675 1.882795 181.117003
-0.539249 -0.875363 1.958579 3.923432
-0.423374 -0.642824 1.911399 5.636431
0.434873 0.017985 1.262995 -5325.712998
-0.657810 -0.424337 1.441742 14.825870
0.799242 0.320902 1.610329 -40.751633
-0.216762 -0.880292 1.833452 1.505938
-0.640026 -0.774598 1.087446 3.270626
0.905764 -0.717950 1.334390 -7.735084
-0.603868 0.008269 1.554362 38839.983130
0.526199 0.609520 1.365133 -6.122749
-0.271760 -0.068836 1.511023 253.106617
0.196502 0.852297 1.217516 -1.007856
0.030642 0.387848 1.666967 -1.021813
0.905956 0.163366 1.677540 -187.855181
-0.140941 -0.144365 1.530346 30.615975
0.566532 -0.432570 1.597163 -15.378359
-0.837170 0.092590 1.046462 282.888094
-0.451972 0.491137 1.929612 10.377679
-0.844690 -0.861043 1.117232 3.521237
0.329351 0.438004 1.439383 -7.665562
-0.793054 -0.858931 1.585490 4.737256
0.522189 0.771506 1.434269 -3.982848
0.378459 0.710296 1.342140 -3.139174
-0.133008 0.561891 1.958660 2.442946
0.474444 0.423718 1.672253 -13.917596
0.557960 0.330638 1.675597 -27.172146
0.157851 -0.501856 1.081340 -2.065774
0.427946 0.236429 1.522472 -36.530395
-0.653178 -0.256723 1.923959 53.695736
0.128638 -0.478010 1.567587 -2.682074
-0.522301 0.937894 1.355002 2.293844
0.335433 0.845226 1.723652 -2.512165
-0.982071 0.913423 1.487191 4.781930
-0.667699 0.399846 1.223014 14.364031
-0.383801 0.183123 1.518871 50.223137
0.304347 -0.945122 1.335394 -1.407820
0.392541 0.855826 1.465835 -2.453080
-0.431922 -0.500320 1.030821 5.115041
-0.033289 -0.928277 1.702048 0.196606
-0.226195 -0.066388 1.676000 252.337288
0.624385 -0.445986 1.099320 -11.042216
0.346315 -0.144365 1.602542 -82.753380
-0.964535 -0.026908 1.904945 6943.368211
-0.845943 0.817091 1.674605 5.869024
-0.478848 -0.337076 1.869668 22.558778
-0.692412 0.442668 1.038947 10.300246
0.570014 -0.892324 1.220885 -2.780515
0.458463 0.642449 1.370930 -4.787905
0.706308 -0.788142 1.319432 -4.842895
-0.837170 -0.922042 1.422370 3.877307
0.576665 0.106658 1.116912 -180.249225
-0.733503 0.345070 1.973303 33.975174
0.700251 0.255153 1.338436 -46.440730
0.504920 0.678668 1.887792 -6.538598
0.519705 -0.301432 1.392232 -25.199370
-0.667699 -0.727236 1.627492 5.778289
-0.096906 -0.505654 1.171269 1.318961
0.335433 0.345643 1.784330 -15.551185
-0.896125 0.092590 1.238972 356.575541
0.868497 -0.535705 1.081340 -10.751229
0.927092 -0.646231 1.274329 -9.354130
-0.297287 -0.806759 1.560907 2.077132
0.305943 0.341777 1.619935 -13.130120
0.859007 -0.797428 1.599103 -7.089533
0.805349 0.929783 1.333385 -4.052866
0.116095 0.695371 1.482252 -1.080179
-0.680728 0.236429 1.987669 67.988844
0.335004 -0.018814 1.775878 -5217.000877
-0.807064 0.024822 1.300720 4729.695292
0.519835 0.975789 1.219451 -2.106804
-0.868416 -0.584770 1.636211 11.469677
0.125551 -0.068836 1.052517 -84.728161
0.547143 0.710362 1.522587 -5.239410
0.345486 -0.159742 1.886688 -79.374556
0.852615 -0.313385 1.633673 -46.514372
