1 1.000000
2 1.500000
3 1.833333
4 2.083333
5 2.283333
6 2.450000
7 2.592857
8 2.717857
9 2.828968
10 2.928968
11 3.019877
12 3.103211
13 3.180134
14 3.251562
15 3.318229
16 3.380729
17 3.439553
18 3.495108
19 3.547740
20 3.597740
21 3.645359
22 3.690813
23 3.734292
24 3.775958
25 3.815958
26 3.854420
27 3.891457
28 3.927171
29 3.961654
30 3.994987
31 4.027245
32 4.058495
33 4.088798
34 4.118210
35 4.146781
36 4.174559
37 4.201586
38 4.227902
39 4.253543
40 4.278543
41 4.302933
42 4.326743
43 4.349999
44 4.372726
45 4.394948
46 4.416687
47 4.437964
48 4.458797
49 4.479205
50 4.499205
