1.000000 0.000000
2.000000 0.301030
3.000000 0.477121
4.000000 0.602060
5.000000 0.698970
6.000000 0.778151
7.000000 0.845098
8.000000 0.903090
9.000000 0.954243
10.000000 1.000000
11.000000 1.041393
12.000000 1.079181
13.000000 1.113943
14.000000 1.146128
15.000000 1.176091
16.000000 1.204120
17.000000 1.230449
18.000000 1.255273
19.000000 1.278754
20.000000 1.301030
21.000000 1.322219
22.000000 1.342423
23.000000 1.361728
24.000000 1.380211
25.000000 1.397940
26.000000 1.414973
27.000000 1.431364
28.000000 1.447158
29.000000 1.462398
30.000000 1.477121
31.000000 1.491362
32.000000 1.505150
33.000000 1.518514
34.000000 1.531479
35.000000 1.544068
36.000000 1.556303
37.000000 1.568202
38.000000 1.579784
39.000000 1.591065
40.000000 1.602060
41.000000 1.612784
42.000000 1.623249
43.000000 1.633468
44.000000 1.643453
45.000000 1.653213
46.000000 1.662758
47.000000 1.672098
48.000000 1.681241
49.000000 1.690196
50.000000 1.698970
51.000000 1.707570
52.000000 1.716003
53.000000 1.724276
54.000000 1.732394
55.000000 1.740363
56.000000 1.748188
57.000000 1.755875
58.000000 1.763428
59.000000 1.770852
60.000000 1.778151
61.000000 1.785330
62.000000 1.792392
63.000000 1.799341
64.000000 1.806180
65.000000 1.812913
66.000000 1.819544
67.000000 1.826075
68.000000 1.832509
69.000000 1.838849
70.000000 1.845098
71.000000 1.851258
72.000000 1.857332
73.000000 1.863323
74.000000 1.869232
75.000000 1.875061
76.000000 1.880814
77.000000 1.886491
78.000000 1.892095
79.000000 1.897627
80.000000 1.903090
81.000000 1.908485
82.000000 1.913814
83.000000 1.919078
84.000000 1.924279
85.000000 1.929419
86.000000 1.934498
87.000000 1.939519
88.000000 1.944483
89.000000 1.949390
90.000000 1.954243
91.000000 1.959041
92.000000 1.963788
93.000000 1.968483
94.000000 1.973128
95.000000 1.977724
96.000000 1.982271
97.000000 1.986772
98.000000 1.991226
99.000000 1.995635
100.000000 2.000000
