1.000000 0.881374
2.000000 1.443635
3.000000 1.818446
4.000000 2.094713
5.000000 2.312438
6.000000 2.491780
7.000000 2.644121
8.000000 2.776472
9.000000 2.893444
10.000000 2.998223
11.000000 3.093102
12.000000 3.179785
13.000000 3.259573
14.000000 3.333478
15.000000 3.402307
16.000000 3.466711
17.000000 3.527224
18.000000 3.584290
19.000000 3.638278
20.000000 3.689504
21.000000 3.738236
22.000000 3.784706
23.000000 3.829114
24.000000 3.871635
25.000000 3.912423
26.000000 3.951613
27.000000 3.989327
28.000000 4.025670
29.000000 4.060740
30.000000 4.094622
31.000000 4.127394
32.000000 4.159127
33.000000 4.189884
34.000000 4.219724
35.000000 4.248699
36.000000 4.276859
37.000000 4.304248
38.000000 4.330906
39.000000 4.356873
40.000000 4.382183
41.000000 4.406868
42.000000 4.430958
43.000000 4.454482
44.000000 4.477466
45.000000 4.499933
46.000000 4.521907
47.000000 4.543408
48.000000 4.564457
49.000000 4.585072
50.000000 4.605270
51.000000 4.625069
52.000000 4.644483
53.000000 4.663528
54.000000 4.682217
55.000000 4.700563
56.000000 4.718579
57.000000 4.736275
58.000000 4.753664
59.000000 4.770756
60.000000 4.787561
61.000000 4.804088
62.000000 4.820347
63.000000 4.836345
64.000000 4.852091
65.000000 4.867594
66.000000 4.882859
67.000000 4.897895
68.000000 4.912709
69.000000 4.927306
70.000000 4.941693
71.000000 4.955877
72.000000 4.969862
73.000000 4.983654
74.000000 4.997258
75.000000 5.010680
76.000000 5.023924
77.000000 5.036995
78.000000 5.049897
79.000000 5.062635
80.000000 5.075213
81.000000 5.087634
82.000000 5.099904
83.000000 5.112024
84.000000 5.123999
85.000000 5.135833
86.000000 5.147528
87.000000 5.159088
88.000000 5.170516
89.000000 5.181815
90.000000 5.192988
91.000000 5.204037
92.000000 5.214965
93.000000 5.225776
94.000000 5.236470
95.000000 5.247052
96.000000 5.257522
97.000000 5.267885
98.000000 5.278141
99.000000 5.288293
100.000000 5.298342
