-0.473421 -0.514448 -0.793840
-0.638035 -0.286658 -1.142627
0.522249 -0.594783 0.826333
0.036318 0.759677 0.052654
-0.781487 -0.538592 -1.209248
-0.755491 -0.206547 -1.342145
0.331151 -0.064893 0.648895
0.874754 -0.805339 1.063392
0.650619 0.760309 0.877778
0.302494 0.510733 0.519771
0.842851 0.579638 1.249207
-0.940561 -0.859131 -1.055258
0.418860 -0.514448 0.708150
0.929401 -0.774469 1.145472
-0.456396 0.051310 -0.880271
0.998226 -0.947483 0.981261
0.001234 0.304015 0.002356
-0.222862 -0.010425 -0.442019
-0.556486 0.321610 -1.002246
0.292720 0.734738 0.428222
0.242229 -0.216921 0.468492
-0.511840 -0.232131 -0.953291
-0.814593 0.132673 -1.442107
0.240734 -0.538592 0.409326
0.538839 -0.774469 0.733577
-0.802103 -0.463403 -1.286022
-0.757064 -0.816172 -0.940923
0.001234 -0.947483 0.001441
0.241141 0.105363 0.474973
-0.254243 0.421741 -0.458949
0.036318 -0.727886 0.054217
-0.781487 0.813139 -0.968069
-0.158804 -0.839895 -0.211126
-0.259499 -0.463403 -0.459070
-0.972132 0.479228 -1.466062
0.218270 0.813139 0.297623
-0.603238 -0.236182 -1.103125
-0.355794 -0.538592 -0.598043
0.504418 -0.805339 0.669723
-0.259499 0.051310 -0.512518
-0.456396 0.304015 -0.841010
0.654265 0.974647 0.683383
-0.755491 -0.805339 -0.950122
-0.978792 0.137622 -1.643956
0.874754 0.943931 0.900310
-0.906379 -0.859276 -1.028161
-0.537450 -0.966078 -0.582116
0.001234 -0.879708 0.001574
0.842851 -0.847935 0.987726
0.242229 0.749394 0.351215
-0.556486 -0.776033 -0.753958
-0.781487 -0.907950 -0.866844
-0.129143 0.355143 -0.241496
-0.232550 -0.286658 -0.442110
-0.127528 0.579638 -0.212817
0.036318 -0.647605 0.057917
-0.158804 -0.759891 -0.229271
0.009940 0.984070 0.011006
-0.120887 -0.859131 -0.157517
-0.473421 -0.659198 -0.720817
0.508870 0.777065 0.694709
-0.769178 -0.839895 -0.928610
-0.222862 -0.727886 -0.330021
-0.940561 -0.659198 -1.277246
0.118888 -0.519944 0.205867
-0.972132 -0.583191 -1.379089
-0.763617 0.622316 -1.123793
0.945519 -0.232131 1.578108
0.240421 0.579638 0.398437
0.522249 0.196437 0.978474
-0.473421 -0.803320 -0.633129
-0.609182 0.992047 -0.625957
-0.531747 -0.286658 -0.972699
-0.755491 0.196437 -1.344919
0.216883 -0.010425 0.430351
-0.757064 0.700434 -1.050188
0.842851 0.314895 1.419670
0.681903 0.479228 1.118545
0.126255 0.421741 0.229773
-0.221655 -0.879708 -0.280247
0.036318 -0.803320 0.050422
0.508870 -0.680233 0.757510
-0.254243 0.818080 -0.343880
0.113080 0.557529 0.191502
-0.800106 -0.847935 -0.949207
0.522249 -0.463403 0.892444
0.001234 -0.232131 0.002403
-0.536499 -0.859276 -0.667521
0.240734 0.510733 0.415981
0.190660 -0.908350 0.233111
-0.600874 -0.908350 -0.695451
0.241141 -0.236182 0.464363
-0.781487 0.992557 -0.769910
0.483320 -0.567629 0.783685
-0.456396 -0.966078 -0.501121
0.302494 -0.501935 0.522314
0.331151 0.700434 0.497167
-0.638035 -0.567629 -1.004424
0.113080 -0.288585 0.216345
-0.120887 -0.160216 -0.238097
