0.800968 0.894968
1.717413 1.310501
1.620963 1.273170
0.104767 0.323678
2.184957 1.478160
3.719637 1.928636
0.372177 0.610063
0.293199 0.541479
0.122732 0.350331
3.446072 1.856360
3.049393 1.746251
2.281704 1.510531
1.367570 1.169431
1.147121 1.071037
3.947269 1.986773
2.773666 1.665433
3.543117 1.882317
3.206316 1.790619
3.005181 1.733546
0.941758 0.970442
2.705517 1.644846
0.945185 0.972206
1.103565 1.050507
3.199161 1.788620
3.983958 1.995986
3.044165 1.744754
0.367234 0.605998
2.235689 1.495222
0.222472 0.471669
1.087046 1.042615
1.240876 1.113946
1.089785 1.043928
2.658921 1.630620
1.670625 1.292527
2.154453 1.467805
2.429296 1.558620
3.249167 1.802545
1.488582 1.220075
1.329303 1.152954
1.285065 1.133607
