0.061610 0.744775 0.588251
0.358648 0.139723 0.370530
-0.066217 0.860241 0.608130
0.061610 0.322309 0.165268
0.996920 0.501879 1.089030
-0.952085 -0.290107 -0.730564
-0.786076 0.921568 0.043225
-0.335696 0.587904 0.009364
0.238926 -0.777638 0.805191
0.308683 0.218577 0.351562
0.444184 -0.555623 0.733557
-0.120676 -0.912779 0.619681
-0.516760 -0.777638 0.074466
0.491786 -0.912779 1.212265
0.584210 -0.516436 0.815096
0.348456 -0.219215 0.389484
-0.732962 -0.512875 -0.409056
-0.419216 -0.998317 0.432605
0.358648 -0.992846 1.184691
-0.779645 0.091001 -0.694746
0.491786 -0.813054 1.086153
0.303906 0.556629 0.604153
-0.066217 0.921568 0.684642
0.785051 0.639965 1.105063
-0.419216 -0.496546 -0.162977
0.016425 0.244819 0.076325
0.024908 0.091001 0.033186
0.238926 -0.616412 0.607546
0.785051 0.701093 1.178837
0.491786 0.556629 0.777104
-0.120676 0.006755 -0.120337
0.192444 -0.149956 0.213743
0.785051 -0.536850 0.991096
-0.831157 0.172803 -0.708855
-0.417844 0.388217 -0.255648
0.348456 0.632248 0.730624
0.444184 -0.368819 0.565330
0.955225 -0.368819 0.952052
0.584210 -0.758427 1.095552
0.491786 -0.219215 0.520238
-0.610923 0.929473 0.186771
0.744943 0.929473 1.438325
-0.419216 0.617814 -0.034551
-0.937028 0.533624 -0.524880
0.844915 -0.642872 1.149535
0.692468 -0.149947 0.660921
-0.610923 -0.167775 -0.545479
-0.848617 0.388217 -0.600225
-0.913138 0.860241 -0.117127
-0.428363 -0.084360 -0.408265
-0.605515 0.921568 0.181625
-0.886321 0.778909 -0.204592
-0.453086 -0.408709 -0.271475
0.343938 -0.296284 0.424869
0.050743 -0.467408 0.267457
-0.605515 -0.007782 -0.569125
-0.886321 -0.167775 -0.746606
-0.572351 -0.219215 -0.493573
0.887017 -0.976461 1.590623
-0.619625 -0.288318 -0.497698
0.785051 -0.352698 0.830937
-0.952085 -0.149947 -0.792145
0.303906 0.016798 0.299532
-0.569384 -0.955419 0.252122
0.513141 -0.758427 1.034928
0.563443 0.349151 0.655705
-0.998744 -0.160236 -0.815119
0.814113 0.717104 1.218988
-0.786076 -0.288318 -0.624554
0.491786 0.501879 0.721428
0.111706 0.331996 0.221472
0.563443 -0.103049 0.544719
0.798530 -0.276371 0.792638
-0.453086 -0.604095 -0.080858
0.945722 0.349151 0.932524
0.719311 -0.606031 1.017938
0.348456 -0.290107 0.425509
0.981791 0.285852 0.913114
-0.569384 -0.998671 0.300919
-0.610923 0.921568 0.177187
0.744943 0.860241 1.352229
-0.937028 0.107062 -0.794340
-0.428363 0.254861 -0.350473
-0.516760 -0.536850 -0.209832
0.794859 -0.377562 0.855835
0.358648 -0.149947 0.373491
0.050743 0.929473 0.811116
-0.066217 -0.710482 0.417450
-0.015659 0.929473 0.744737
0.050743 0.444918 0.247383
-0.516760 -0.850953 0.168411
-0.737144 -0.290107 -0.588113
-0.610923 0.175540 -0.542814
0.343938 -0.366143 0.470856
0.887017 0.172803 0.805047
0.844915 -0.161818 0.774097
0.785771 0.032070 0.708399
0.491786 -0.448227 0.671760
-0.937028 -0.448227 -0.606243
0.086945 -0.408709 0.253103
